camera_matrix:
- - 933.9466925521707
  - 0.0
  - 358.59608943398365
- - 0.0
  - 935.0635463990791
  - 293.0721064675127
- - 0.0
  - 0.0
  - 1.0
dist_coefs:
- - -0.4530790972005633
  - 0.3951099938612813
  - 0.0037673873203789916
  - 0.0016363264710513889
  - -0.38177331299300393
rms: 0.287398222428159
